(gdb) ------------------------------------ 
sides: 

0x60026c:	10	14	13	37	54	14	29	64
0x60027c:	67	34	31	13	20	61	36	14
0x60028c:	53	44	19	42	44	52	31	42
0x60029c:	56	15	24	36	75	46	27	41
0x6002ac:	53	62	10	33	4	73	31	15
0x6002bc:	5	11	22	33	70	15	23	15
0x6002cc:	63	26	16	13	64	53	65	26
0x6002dc:	12	57	67	34	24	33	10	61
0x6002ec:	15	38	73	29	17	93	64	73
0x6002fc:	74	23	56	9	8	4	10	15
0x60030c:	13	23	53	67	35	14	34	13
0x60031c:	71	81	17	14	17	25	53	23
0x60032c:	73	15	6	13
------------------------------------ 
cubeAreas: 

0x600360:	600	1176	1014	8214	17496	1176	5046	24576
0x600370:	26934	6936	5766	1014	2400	22326	7776	1176
0x600380:	16854	11616	2166	10584	11616	16224	5766	10584
0x600390:	18816	1350	3456	7776	33750	12696	4374	10086
0x6003a0:	16854	23064	600	6534	96	31974	5766	1350
0x6003b0:	150	726	2904	6534	29400	1350	3174	1350
0x6003c0:	23814	4056	1536	1014	24576	16854	25350	4056
0x6003d0:	864	19494	26934	6936	3456	6534	600	22326
0x6003e0:	1350	8664	31974	5046	1734	51894	24576	31974
0x6003f0:	32856	3174	18816	486	384	96	600	1350
0x600400:	1014	3174	16854	26934	7350	1176	6936	1014
0x600410:	30246	39366	1734	1176	1734	3750	16854	3174
0x600420:	31974	1350	216	1014
------------------------------------ 
cubeVolumes: 

0x600428:	1000	2744	2197	50653
0x600438:	157464	2744	24389	262144
0x600448:	300763	39304	29791	2197
0x600458:	8000	226981	46656	2744
0x600468:	148877	85184	6859	74088
0x600478:	85184	140608	29791	74088
0x600488:	175616	3375	13824	46656
0x600498:	421875	97336	19683	68921
0x6004a8:	148877	238328	1000	35937
0x6004b8:	64	389017	29791	3375
0x6004c8:	125	1331	10648	35937
0x6004d8:	343000	3375	12167	3375
0x6004e8:	250047	17576	4096	2197
0x6004f8:	262144	148877	274625	17576
0x600508:	1728	185193	300763	39304
0x600518:	13824	35937	1000	226981
0x600528:	3375	54872	389017	24389
0x600538:	4913	804357	262144	389017
0x600548:	405224	12167	175616	729
0x600558:	512	64	1000	3375
0x600568:	2197	12167	148877	300763
0x600578:	42875	2744	39304	2197
0x600588:	357911	531441	4913	2744
0x600598:	4913	15625	148877	12167
0x6005a8:	389017	3375	216	2197
------------------------------------ 
------------------------------------ 
Cube Areas 

caMin: 		0x600338:	96
caMid: 		0x60033a:	2796
caMax: 		0x60033c:	51894
caSum: 		0x60033e:	1043580
caAve: 		0x600342:	10435
------------------------------------ 
------------------------------------ 
Cube Volumes 

cvMin: 		0x600344:	64
cvMid: 		0x600348:	10836
cvMax: 		0x60034c:	804357
cvSum: 		0x600350:	10245242
cvAve: 		0x600354:	102452

 
